T_BS:
  cols: 4
  data:
  - [0.9967489838600159, 0.02229694277048111, 0.07742281258106232, -0.05989727401733398]
  - [-0.018452337011694908, 0.9985775947570801, -0.05002244934439659, 0.00034549615811556577]
  - [-0.07842803746461868, 0.04843119531869888, 0.995742678642273, 0.005180928707122803]
  - [0.0, 0.0, 0.0, 1.0]
  rows: 4
camera_id: left_cam
camera_model: pinhole
distortion_coefficients: [-9.730813026428223, 89.17140197753906, 0.002455002162605524,
  0.0007229163311421871]
distortion_model: radial-tangential
intrinsics: [252.08545684814453, 645.33876953125, 200.81933975219727, 316.9923828125]
rate_hz: 4
resolution: [400, 640]
