T_BS:
  cols: 4
  data:
  - [0.99651700258255, -0.03002794086933136, -0.07779555022716522, 0.02978965950012207]
  - [0.0320763997733593, 0.999167263507843, 0.025216661393642426, -7.61521456297487e-05]
  - [0.0769735649228096, -0.027624234557151794, 0.9966503977775574, -0.0008523895591497421]
  - [0.0, 0.0, 0.0, 1.0]
  rows: 4
camera_id: left_cam
camera_model: pinhole
distortion_coefficients: [-9.821806907653809, 106.54873657226562, 0.00039067454054020345,
  0.00038301845779642463]
distortion_model: radial-tangential
intrinsics: [251.70778274536133, 644.3719238281251, 197.72382736206055, 343.3599853515625]
rate_hz: 4
resolution: [400, 640]
