T_BS:
  cols: 4
  data: [0.99651700258255, -0.03002794086933136, -0.07779555022716522, 0.037237074375152585,
    0.0320763997733593, 0.999167263507843, 0.025216661393642426, -0.00024368686601519585,
    0.0769735649228096, -0.027624234557151794, 0.9966503977775574, -0.0008523895591497421,
    0.0, 0.0, 0.0, 1.0]
  rows: 4
camera_id: right_cam
camera_model: pinhole
distortion_coefficients: [-9.821806907653809, 106.54873657226562, 0.00039067454054020345, 0.00038301845779642463]
distortion_model: radial-tangential
intrinsics: [402.7324523925781, 402.7324523925781, 316.3581237792969, 214.59999084472656]
rate_hz: 4
resolution: [640, 400]
