T_BS:
  cols: 4
  data:
  - [0.99651700258255, -0.03002794086933136, -0.07779555022716522, 0.05957931900024414]
  - [0.0320763997733593, 0.999167263507843, 0.025216661393642426, -0.00013707386213354766]
  - [0.0769735649228096, -0.027624234557151794, 0.9966503977775574, -0.0008523895591497421]
  - [0.0, 0.0, 0.0, 1.0]
  rows: 4
camera_id: left_cam
camera_model: pinhole
distortion_coefficients: [-9.821806907653809, 106.54873657226562, 0.00039067454054020345,
  0.00038301845779642463]
distortion_model: radial-tangential
intrinsics: [453.0740089416504, 1288.7438476562502, 355.902889251709, 686.719970703125]
rate_hz: 4
resolution: [720, 1280]
