%YAML:1.0
# General sensor definitions.
---
camera_id: left_cam

# Sensor extrinsics wrt. the body-frame.
T_BS:
  cols: 4
  rows: 4
  data: [0.99651700258255,-0.03002794086933136,-0.07779555022716522, 3.723707437515259,
      0.0320763997733593, 0.999167263507843, 0.025216661393642426, -0.024368686601519585,
      0.0769735649228096, -0.027624234557151794, 0.9966503977775574, -0.08523895591497421,
      0.0, 0.0, 0.0, 1.0]

# Camera specific definitions.
rate_hz: 4
resolution: [640, 400]
camera_model: pinhole
intrinsics: [402.73245239, 402.73245239, 316.35812378, 214.59999084] #fu, fv, cu, cv
distortion_model: radial-tangential
distortion_coefficients: [-9.821806907653809, 106.54873657226563, 0.00039067454054020345, 0.00038301845779642463]