%YAML:1.0
# General sensor definitions.
---
camera_id: right_cam

# Sensor extrinsics wrt. the body-frame.
T_BS:
  cols: 4
  rows: 4
  data: [0.9967489838600159, 0.02229694277048111, 0.07742281258106232, -7.487159252166748,
      -0.018452337011694908, 0.9985775947570801, -0.05002244934439659, 0.11055877059698105,
      -0.07842803746461868, 0.04843119531869888, 0.995742678642273, 0.5180928707122803,
      0.0, 0.0, 0.0, 1.0]

# Camera specific definitions.
rate_hz: 4
resolution: [640, 400]
camera_model: pinhole
intrinsics: [403.33673096, 403.33673096, 321.3109436 , 198.12023926] #fu, fv, cu, cv
distortion_model: radial-tangential
distortion_coefficients: [-9.730813026428223, 89.17140197753906, 0.002455002162605524, 0.0007229163311421871]